Collection of CPU usage from /proc/stat, sampling in every 1s
Total sampling duration = 60
Sampling start time = 2020.09.01-01.34.14
2020.09.01-01.34.14
cpu 4363 0 7253 18102 0 3 12 0 0 0 cpu0 4363 0 7253 18102 0 3 12 0 0 0
cpu 4372 0 7271 18172 0 3 12 0 0 0 cpu0 4372 0 7271 18172 0 3 12 0 0 0
cpu 4383 0 7284 18242 0 3 12 0 0 0 cpu0 4383 0 7284 18242 0 3 12 0 0 0
cpu 4395 0 7300 18310 0 3 12 0 0 0 cpu0 4395 0 7300 18310 0 3 12 0 0 0
cpu 4411 0 7315 18374 0 3 12 0 0 0 cpu0 4411 0 7315 18374 0 3 12 0 0 0
cpu 4417 0 7331 18444 0 3 12 0 0 0 cpu0 4417 0 7331 18444 0 3 12 0 0 0
cpu 4425 0 7344 18516 0 3 12 0 0 0 cpu0 4425 0 7344 18516 0 3 12 0 0 0
cpu 4435 0 7374 18574 0 3 12 0 0 0 cpu0 4435 0 7374 18574 0 3 12 0 0 0
cpu 4442 0 7386 18645 0 3 12 0 0 0 cpu0 4442 0 7386 18645 0 3 12 0 0 0
cpu 4449 0 7398 18721 0 4 12 0 0 0 cpu0 4449 0 7398 18721 0 4 12 0 0 0
cpu 4462 0 7408 18794 0 4 12 0 0 0 cpu0 4462 0 7408 18794 0 4 12 0 0 0
cpu 4475 0 7419 18866 0 4 12 0 0 0 cpu0 4475 0 7419 18866 0 4 12 0 0 0
cpu 4482 0 7433 18940 0 4 12 0 0 0 cpu0 4482 0 7433 18940 0 4 12 0 0 0
cpu 4488 0 7445 19014 0 4 12 0 0 0 cpu0 4488 0 7445 19014 0 4 12 0 0 0
cpu 4499 0 7459 19083 0 4 12 0 0 0 cpu0 4499 0 7459 19083 0 4 12 0 0 0
cpu 4507 0 7471 19155 0 4 12 0 0 0 cpu0 4507 0 7471 19155 0 4 12 0 0 0
cpu 4513 0 7486 19228 0 4 12 0 0 0 cpu0 4513 0 7486 19228 0 4 12 0 0 0
cpu 4519 0 7502 19301 0 4 12 0 0 0 cpu0 4519 0 7502 19301 0 4 12 0 0 0
cpu 4530 0 7515 19375 0 4 12 0 0 0 cpu0 4530 0 7515 19375 0 4 12 0 0 0
cpu 4538 0 7529 19446 0 4 12 0 0 0 cpu0 4538 0 7529 19446 0 4 12 0 0 0
cpu 4546 0 7541 19519 0 4 12 0 0 0 cpu0 4546 0 7541 19519 0 4 12 0 0 0
cpu 4553 0 7558 19586 0 4 12 0 0 0 cpu0 4553 0 7558 19586 0 4 12 0 0 0
cpu 4561 0 7571 19661 0 4 12 0 0 0 cpu0 4561 0 7571 19661 0 4 12 0 0 0
cpu 4568 0 7583 19733 0 4 12 0 0 0 cpu0 4568 0 7583 19733 0 4 12 0 0 0
cpu 4578 0 7597 19803 0 4 12 0 0 0 cpu0 4578 0 7597 19803 0 4 12 0 0 0
cpu 4583 0 7611 19876 0 4 12 0 0 0 cpu0 4583 0 7611 19876 0 4 12 0 0 0
cpu 4592 0 7626 19948 0 4 12 0 0 0 cpu0 4592 0 7626 19948 0 4 12 0 0 0
cpu 4596 0 7639 20020 0 4 12 0 0 0 cpu0 4596 0 7639 20020 0 4 12 0 0 0
cpu 4605 0 7649 20093 0 4 12 0 0 0 cpu0 4605 0 7649 20093 0 4 12 0 0 0
cpu 4616 0 7661 20164 0 4 12 0 0 0 cpu0 4616 0 7661 20164 0 4 12 0 0 0
cpu 4621 0 7678 20237 0 4 12 0 0 0 cpu0 4621 0 7678 20237 0 4 12 0 0 0
cpu 4629 0 7696 20307 0 4 12 0 0 0 cpu0 4629 0 7696 20307 0 4 12 0 0 0
cpu 4642 0 7719 20368 0 4 12 0 0 0 cpu0 4642 0 7719 20368 0 4 12 0 0 0
cpu 4652 0 7732 20436 0 4 12 0 0 0 cpu0 4652 0 7732 20436 0 4 12 0 0 0
cpu 4659 0 7746 20507 0 4 12 0 0 0 cpu0 4659 0 7746 20507 0 4 12 0 0 0
cpu 4678 0 7761 20570 0 4 12 0 0 0 cpu0 4678 0 7761 20570 0 4 12 0 0 0
cpu 4690 0 7779 20637 0 4 12 0 0 0 cpu0 4690 0 7779 20637 0 4 12 0 0 0
cpu 4705 0 7797 20702 0 4 13 0 0 0 cpu0 4705 0 7797 20702 0 4 13 0 0 0
cpu 4713 0 7811 20772 0 4 13 0 0 0 cpu0 4713 0 7811 20772 0 4 13 0 0 0
cpu 4719 0 7823 20845 0 4 13 0 0 0 cpu0 4719 0 7823 20845 0 4 13 0 0 0
cpu 4725 0 7838 20914 0 4 13 0 0 0 cpu0 4725 0 7838 20914 0 4 13 0 0 0
cpu 4735 0 7848 20986 0 4 13 0 0 0 cpu0 4735 0 7848 20986 0 4 13 0 0 0
cpu 4739 0 7859 21061 0 4 13 0 0 0 cpu0 4739 0 7859 21061 0 4 13 0 0 0
cpu 4746 0 7871 21133 0 4 13 0 0 0 cpu0 4746 0 7871 21133 0 4 13 0 0 0
cpu 4750 0 7888 21207 0 4 13 0 0 0 cpu0 4750 0 7888 21207 0 4 13 0 0 0
cpu 4754 0 7903 21278 0 4 13 0 0 0 cpu0 4754 0 7903 21278 0 4 13 0 0 0
cpu 4762 0 7916 21353 0 4 13 0 0 0 cpu0 4762 0 7916 21353 0 4 13 0 0 0
cpu 4769 0 7928 21427 0 4 13 0 0 0 cpu0 4769 0 7928 21427 0 4 13 0 0 0
cpu 4772 0 7944 21500 0 4 13 0 0 0 cpu0 4772 0 7944 21500 0 4 13 0 0 0
cpu 4778 0 7953 21575 0 4 13 0 0 0 cpu0 4778 0 7953 21575 0 4 13 0 0 0
cpu 4788 0 7970 21645 0 4 13 0 0 0 cpu0 4788 0 7970 21645 0 4 13 0 0 0
cpu 4796 0 7984 21717 0 4 13 0 0 0 cpu0 4796 0 7984 21717 0 4 13 0 0 0
cpu 4801 0 8000 21789 0 4 13 0 0 0 cpu0 4801 0 8000 21789 0 4 13 0 0 0
cpu 4807 0 8010 21863 0 4 13 0 0 0 cpu0 4807 0 8010 21863 0 4 13 0 0 0
cpu 4812 0 8025 21937 0 4 13 0 0 0 cpu0 4812 0 8025 21937 0 4 13 0 0 0
cpu 4818 0 8045 22004 0 4 13 0 0 0 cpu0 4818 0 8045 22004 0 4 13 0 0 0
cpu 4823 0 8064 22077 0 4 13 0 0 0 cpu0 4823 0 8064 22077 0 4 13 0 0 0
cpu 4829 0 8078 22150 0 4 13 0 0 0 cpu0 4829 0 8078 22150 0 4 13 0 0 0
cpu 4837 0 8092 22222 0 4 13 0 0 0 cpu0 4837 0 8092 22222 0 4 13 0 0 0
cpu 4849 0 8104 22295 0 4 13 0 0 0 cpu0 4849 0 8104 22295 0 4 13 0 0 0
